Car 0.00 0 -10 553.00 182.67 691.23 313.23 -1 -1 -1 -1000 -1000 -1000 -10
Car 0.00 0 -10 341.05 194.55 390.28 218.60 -1 -1 -1 -1000 -1000 -1000 -10
Car 0.00 0 -10 286.23 196.37 337.13 220.72 -1 -1 -1 -1000 -1000 -1000 -10
Car 0.00 0 -10 412.76 190.12 455.28 212.42 -1 -1 -1 -1000 -1000 -1000 -10
Car 0.00 0 -10 957.95 186.22 1102.40 224.37 -1 -1 -1 -1000 -1000 -1000 -10
Car 0.00 0 -10 1154.43 178.04 1240.79 222.16 -1 -1 -1 -1000 -1000 -1000 -10
Car 0.00 0 -10 1133.78 241.78 1241.14 374.85 -1 -1 -1 -1000 -1000 -1000 -10
Car 0.00 0 -10 577.33 169.78 604.00 183.11 -1 -1 -1 -1000 -1000 -1000 -10
Car 0.00 0 -10 396.89 190.67 422.22 211.95 -1 -1 -1 -1000 -1000 -1000 -10
Car 0.00 0 -10 372.44 191.11 397.51 209.37 -1 -1 -1 -1000 -1000 -1000 -10
Car 0.00 0 -10 454.67 186.67 475.11 196.15 -1 -1 -1 -1000 -1000 -1000 -10
Car 0.00 0 -10 179.56 200.78 199.56 209.99 -1 -1 -1 -1000 -1000 -1000 -10
Car 0.00 0 -10 164.00 202.22 187.11 213.11 -1 -1 -1 -1000 -1000 -1000 -10
Car 0.00 0 -10 469.33 186.22 482.22 196.62 -1 -1 -1 -1000 -1000 -1000 -10
