Car 0.00 0 -10 45.07 196.72 447.49 373.78 -1 -1 -1 -1000 -1000 -1000 -10
Car 0.00 0 -10 751.85 155.81 1136.50 373.78 -1 -1 -1 -1000 -1000 -1000 -10
Car 0.00 0 -10 714.22 187.10 857.84 291.07 -1 -1 -1 -1000 -1000 -1000 -10
Car 0.00 0 -10 453.56 185.23 532.94 243.75 -1 -1 -1 -1000 -1000 -1000 -10
Car 0.00 0 -10 662.72 183.60 773.72 256.48 -1 -1 -1 -1000 -1000 -1000 -10
Car 0.00 0 -10 533.48 178.94 563.54 204.41 -1 -1 -1 -1000 -1000 -1000 -10
Car 0.00 0 -10 628.63 176.41 657.81 200.70 -1 -1 -1 -1000 -1000 -1000 -10
Car 0.00 0 -10 556.00 177.33 571.56 194.22 -1 -1 -1 -1000 -1000 -1000 -10
Car 0.00 0 -10 563.56 175.56 576.00 191.56 -1 -1 -1 -1000 -1000 -1000 -10
Car 0.00 0 -10 587.56 173.78 595.11 182.67 -1 -1 -1 -1000 -1000 -1000 -10
Car 0.00 0 -10 612.00 174.22 620.00 184.89 -1 -1 -1 -1000 -1000 -1000 -10
Car 0.00 0 -10 619.56 172.00 640.46 196.53 -1 -1 -1 -1000 -1000 -1000 -10
Car 0.00 0 -10 606.67 174.67 615.56 183.11 -1 -1 -1 -1000 -1000 -1000 -10
Car 0.00 0 -10 575.11 175.11 582.22 186.68 -1 -1 -1 -1000 -1000 -1000 -10
