Car 0.00 0 -10 594.35 177.87 621.40 203.90 -1 -1 -1 -1000 -1000 -1000 -10
Truck 0.00 0 -10 623.97 163.10 660.06 193.65 -1 -1 -1 -1000 -1000 -1000 -10
Van 0.00 0 -10 133.21 177.30 268.60 244.18 -1 -1 -1 -1000 -1000 -1000 -10
Car 0.00 0 -10 403.33 185.00 431.00 200.22 -1 -1 -1 -1000 -1000 -1000 -10
Car 0.00 0 -10 442.22 181.33 457.78 190.22 -1 -1 -1 -1000 -1000 -1000 -10
Car 0.00 0 -10 466.22 174.22 484.71 192.44 -1 -1 -1 -1000 -1000 -1000 -10
Car 0.00 0 -10 480.00 175.11 494.67 190.67 -1 -1 -1 -1000 -1000 -1000 -10
Car 0.00 0 -10 524.44 178.67 535.56 186.22 -1 -1 -1 -1000 -1000 -1000 -10
Car 0.00 0 -10 548.89 162.67 576.89 187.60 -1 -1 -1 -1000 -1000 -1000 -10
Car 0.00 0 -10 617.78 173.78 629.78 184.89 -1 -1 -1 -1000 -1000 -1000 -10
Car 0.00 0 -10 537.33 176.44 545.78 184.00 -1 -1 -1 -1000 -1000 -1000 -10
