Car 0.00 0 -10 812.76 184.33 1240.79 373.78 -1 -1 -1 -1000 -1000 -1000 -10
Car 0.00 0 -10 733.00 183.11 916.50 309.87 -1 -1 -1 -1000 -1000 -1000 -10
Car 0.00 0 -10 683.98 178.28 792.24 258.30 -1 -1 -1 -1000 -1000 -1000 -10
Car 0.00 0 -10 470.20 178.20 540.00 233.00 -1 -1 -1 -1000 -1000 -1000 -10
Car 0.00 0 -10 670.00 178.67 732.50 226.36 -1 -1 -1 -1000 -1000 -1000 -10
Car 0.00 0 -10 650.51 179.22 692.59 214.46 -1 -1 -1 -1000 -1000 -1000 -10
Car 0.00 0 -10 634.97 177.46 666.89 203.66 -1 -1 -1 -1000 -1000 -1000 -10
Car 0.00 0 -10 501.78 179.56 547.56 215.11 -1 -1 -1 -1000 -1000 -1000 -10
Car 0.00 0 -10 560.89 177.33 576.63 191.56 -1 -1 -1 -1000 -1000 -1000 -10
Car 0.00 0 -10 579.11 174.67 595.29 188.53 -1 -1 -1 -1000 -1000 -1000 -10
