Car 0.00 0 -10 567.00 177.78 635.00 238.32 -1 -1 -1 -1000 -1000 -1000 -10
Car 0.00 0 -10 0.00 212.83 108.77 264.88 -1 -1 -1 -1000 -1000 -1000 -10
Car 0.00 0 -10 106.33 199.97 220.09 253.32 -1 -1 -1 -1000 -1000 -1000 -10
Car 0.00 0 -10 208.00 198.56 243.89 211.56 -1 -1 -1 -1000 -1000 -1000 -10
Car 0.00 0 -10 273.33 194.22 290.67 208.44 -1 -1 -1 -1000 -1000 -1000 -10
Car 0.00 0 -10 318.67 190.22 344.00 200.00 -1 -1 -1 -1000 -1000 -1000 -10
Car 0.00 0 -10 352.44 190.67 377.33 203.56 -1 -1 -1 -1000 -1000 -1000 -10
Car 0.00 0 -10 424.00 183.67 442.00 195.11 -1 -1 -1 -1000 -1000 -1000 -10
Car 0.00 0 -10 408.00 184.67 435.11 197.78 -1 -1 -1 -1000 -1000 -1000 -10
Car 0.00 0 -10 387.56 186.44 408.89 198.67 -1 -1 -1 -1000 -1000 -1000 -10
Car 0.00 0 -10 367.11 186.22 390.00 201.56 -1 -1 -1 -1000 -1000 -1000 -10
Car 0.00 0 -10 339.56 186.22 360.00 196.89 -1 -1 -1 -1000 -1000 -1000 -10
Car 0.00 0 -10 545.78 168.00 562.22 183.11 -1 -1 -1 -1000 -1000 -1000 -10
Car 0.00 0 -10 568.11 171.11 573.33 176.89 -1 -1 -1 -1000 -1000 -1000 -10
Car 0.00 0 -10 577.33 170.67 583.56 176.44 -1 -1 -1 -1000 -1000 -1000 -10
Car 0.00 0 -10 580.44 165.78 585.56 171.11 -1 -1 -1 -1000 -1000 -1000 -10
Car 0.00 0 -10 592.44 164.00 598.56 169.33 -1 -1 -1 -1000 -1000 -1000 -10
