Pedestrian 0.00 0 -10 352.66 167.99 381.95 252.23 -1 -1 -1 -1000 -1000 -1000 -10
Cyclist 0.00 0 -10 1110.65 160.65 1240.79 288.15 -1 -1 -1 -1000 -1000 -1000 -10
Car 0.00 0 -10 90.90 178.63 319.71 273.80 -1 -1 -1 -1000 -1000 -1000 -10
Car 0.00 0 -10 543.46 174.49 665.78 215.50 -1 -1 -1 -1000 -1000 -1000 -10
Van 0.00 0 -10 828.56 159.63 929.07 201.63 -1 -1 -1 -1000 -1000 -1000 -10
Car 0.00 0 -10 695.31 173.01 727.09 195.43 -1 -1 -1 -1000 -1000 -1000 -10
Car 0.00 0 -10 397.08 177.90 466.98 210.92 -1 -1 -1 -1000 -1000 -1000 -10
Car 0.00 0 -10 563.83 176.67 591.04 195.20 -1 -1 -1 -1000 -1000 -1000 -10
Car 0.00 0 -10 520.16 176.71 552.29 195.68 -1 -1 -1 -1000 -1000 -1000 -10
Car 0.00 0 -10 0.44 182.22 41.22 206.67 -1 -1 -1 -1000 -1000 -1000 -10
Car 0.00 0 -10 664.44 172.00 678.22 181.78 -1 -1 -1 -1000 -1000 -1000 -10
Car 0.00 0 -10 543.11 175.11 566.67 192.00 -1 -1 -1 -1000 -1000 -1000 -10
