Van 0.00 0 -10 448.02 164.49 550.20 247.96 -1 -1 -1 -1000 -1000 -1000 -10
Van 0.00 0 -10 700.41 167.81 803.76 255.49 -1 -1 -1 -1000 -1000 -1000 -10
Car 0.00 0 -10 529.35 175.67 586.32 220.83 -1 -1 -1 -1000 -1000 -1000 -10
Van 0.00 0 -10 546.35 164.77 593.85 210.07 -1 -1 -1 -1000 -1000 -1000 -10
Car 0.00 0 -10 561.38 166.58 611.43 201.97 -1 -1 -1 -1000 -1000 -1000 -10
Car 0.00 0 -10 603.29 167.46 648.34 191.87 -1 -1 -1 -1000 -1000 -1000 -10
Car 0.00 0 -10 136.02 173.08 416.20 263.43 -1 -1 -1 -1000 -1000 -1000 -10
Car 0.00 0 -10 680.00 161.78 705.78 177.33 -1 -1 -1 -1000 -1000 -1000 -10
Car 0.00 0 -10 709.33 156.89 721.78 169.33 -1 -1 -1 -1000 -1000 -1000 -10
Car 0.00 0 -10 695.11 159.56 712.00 174.22 -1 -1 -1 -1000 -1000 -1000 -10
