Car 0.00 0 -10 589.39 176.20 613.97 199.56 -1 -1 -1 -1000 -1000 -1000 -10
Car 0.00 0 -10 405.67 186.22 516.16 265.85 -1 -1 -1 -1000 -1000 -1000 -10
Car 0.00 0 -10 955.66 239.56 1241.28 372.68 -1 -1 -1 -1000 -1000 -1000 -10
Car 0.00 0 -10 761.50 180.44 1090.40 372.60 -1 -1 -1 -1000 -1000 -1000 -10
Car 0.00 0 -10 718.78 171.85 863.66 298.90 -1 -1 -1 -1000 -1000 -1000 -10
Car 0.00 0 -10 664.82 178.70 742.05 236.96 -1 -1 -1 -1000 -1000 -1000 -10
Car 0.00 0 -10 639.38 177.93 675.93 209.79 -1 -1 -1 -1000 -1000 -1000 -10
Car 0.00 0 -10 654.65 176.74 711.32 224.63 -1 -1 -1 -1000 -1000 -1000 -10
Car 0.00 0 -10 347.45 185.73 425.72 214.26 -1 -1 -1 -1000 -1000 -1000 -10
Car 0.00 0 -10 243.48 186.29 331.56 216.07 -1 -1 -1 -1000 -1000 -1000 -10
Car 0.00 0 -10 627.58 177.62 652.34 198.36 -1 -1 -1 -1000 -1000 -1000 -10
Pedestrian 0.00 0 -10 828.67 154.65 867.00 261.03 -1 -1 -1 -1000 -1000 -1000 -10
Car 0.00 0 -10 510.67 177.78 530.22 194.18 -1 -1 -1 -1000 -1000 -1000 -10
Car 0.00 0 -10 494.22 179.11 517.33 199.11 -1 -1 -1 -1000 -1000 -1000 -10
