Van 0.00 0 -10 410.87 131.03 521.22 238.66 -1 -1 -1 -1000 -1000 -1000 -10
Car 0.00 0 -10 903.80 188.35 976.33 214.78 -1 -1 -1 -1000 -1000 -1000 -10
Car 0.00 0 -10 552.44 176.40 614.57 233.00 -1 -1 -1 -1000 -1000 -1000 -10
Car 0.00 0 -10 238.89 179.92 292.21 204.00 -1 -1 -1 -1000 -1000 -1000 -10
Cyclist 0.00 0 -10 834.64 180.67 855.83 217.92 -1 -1 -1 -1000 -1000 -1000 -10
Car 0.00 0 -10 285.33 176.44 326.67 200.89 -1 -1 -1 -1000 -1000 -1000 -10
Car 0.00 0 -10 317.78 177.33 352.44 196.89 -1 -1 -1 -1000 -1000 -1000 -10
Car 0.00 0 -10 348.44 178.67 378.67 196.44 -1 -1 -1 -1000 -1000 -1000 -10
Car 0.00 0 -10 540.44 178.22 556.00 192.00 -1 -1 -1 -1000 -1000 -1000 -10
Car 0.00 0 -10 552.89 175.56 564.00 188.00 -1 -1 -1 -1000 -1000 -1000 -10
Car 0.00 0 -10 561.78 172.44 572.89 184.00 -1 -1 -1 -1000 -1000 -1000 -10
