Car 0.00 0 -10 598.73 177.35 678.68 247.86 -1 -1 -1 -1000 -1000 -1000 -10
Car 0.00 0 -10 498.91 169.67 576.76 230.86 -1 -1 -1 -1000 -1000 -1000 -10
Car 0.00 0 -10 620.20 169.13 672.92 218.38 -1 -1 -1 -1000 -1000 -1000 -10
Car 0.00 0 -10 1190.53 133.16 1240.79 204.18 -1 -1 -1 -1000 -1000 -1000 -10
Car 0.00 0 -10 1070.70 135.66 1238.26 198.27 -1 -1 -1 -1000 -1000 -1000 -10
Car 0.00 0 -10 40.33 193.78 94.78 224.89 -1 -1 -1 -1000 -1000 -1000 -10
Car 0.00 0 -10 116.89 193.78 177.33 216.44 -1 -1 -1 -1000 -1000 -1000 -10
Car 0.00 0 -10 152.44 184.89 222.22 214.82 -1 -1 -1 -1000 -1000 -1000 -10
Car 0.00 0 -10 256.00 187.00 297.22 204.89 -1 -1 -1 -1000 -1000 -1000 -10
Car 0.00 0 -10 224.89 186.67 254.67 207.11 -1 -1 -1 -1000 -1000 -1000 -10
Car 0.00 0 -10 293.78 186.33 326.67 203.11 -1 -1 -1 -1000 -1000 -1000 -10
Car 0.00 0 -10 414.67 178.89 451.89 194.22 -1 -1 -1 -1000 -1000 -1000 -10
Car 0.00 0 -10 570.73 171.49 597.48 186.78 -1 -1 -1 -1000 -1000 -1000 -10
Car 0.00 0 -10 597.56 171.11 619.11 186.22 -1 -1 -1 -1000 -1000 -1000 -10
Car 0.00 0 -10 991.44 148.00 1082.22 179.47 -1 -1 -1 -1000 -1000 -1000 -10
Car 0.00 0 -10 741.33 164.89 756.53 177.33 -1 -1 -1 -1000 -1000 -1000 -10
Car 0.00 0 -10 724.00 164.89 743.93 178.48 -1 -1 -1 -1000 -1000 -1000 -10
