Car 0.00 0 -10 1121.33 317.33 1241.48 371.12 -1 -1 -1 -1000 -1000 -1000 -10
Car 0.00 0 -10 805.19 175.61 1240.79 373.78 -1 -1 -1 -1000 -1000 -1000 -10
Car 0.00 0 -10 660.38 181.67 785.64 262.73 -1 -1 -1 -1000 -1000 -1000 -10
Cyclist 0.00 0 -10 413.01 176.67 447.42 249.30 -1 -1 -1 -1000 -1000 -1000 -10
Car 0.00 0 -10 320.00 193.78 407.39 255.07 -1 -1 -1 -1000 -1000 -1000 -10
Car 0.00 0 -10 610.67 174.67 691.85 230.72 -1 -1 -1 -1000 -1000 -1000 -10
Car 0.00 0 -10 560.14 180.63 607.61 214.61 -1 -1 -1 -1000 -1000 -1000 -10
Car 0.00 0 -10 414.30 184.00 450.76 211.73 -1 -1 -1 -1000 -1000 -1000 -10
Car 0.00 0 -10 537.00 179.60 570.04 205.19 -1 -1 -1 -1000 -1000 -1000 -10
Pedestrian 0.00 0 -10 406.54 173.76 417.90 201.14 -1 -1 -1 -1000 -1000 -1000 -10
Car 0.00 0 -10 366.39 185.13 420.30 230.42 -1 -1 -1 -1000 -1000 -1000 -10
Cyclist 0.00 0 -10 447.84 175.36 479.23 238.27 -1 -1 -1 -1000 -1000 -1000 -10
Car 0.00 0 -10 519.56 178.22 542.22 196.44 -1 -1 -1 -1000 -1000 -1000 -10
Car 0.00 0 -10 504.89 178.67 516.00 189.33 -1 -1 -1 -1000 -1000 -1000 -10
Car 0.00 0 -10 494.67 176.00 507.11 186.67 -1 -1 -1 -1000 -1000 -1000 -10
