Tram 0.00 0 -10 623.11 152.00 693.50 188.67 -1 -1 -1 -1000 -1000 -1000 -10
Car 0.00 0 -10 207.17 187.37 340.16 252.58 -1 -1 -1 -1000 -1000 -1000 -10
Cyclist 0.00 0 -10 936.74 153.91 977.93 213.36 -1 -1 -1 -1000 -1000 -1000 -10
Car 0.00 0 -10 783.56 162.67 794.22 190.22 -1 -1 -1 -1000 -1000 -1000 -10
Car 0.00 0 -10 600.44 168.89 609.78 178.67 -1 -1 -1 -1000 -1000 -1000 -10
Car 0.00 0 -10 354.78 182.22 400.22 196.00 -1 -1 -1 -1000 -1000 -1000 -10
Car 0.00 0 -10 408.44 180.44 438.89 193.78 -1 -1 -1 -1000 -1000 -1000 -10
Car 0.00 0 -10 385.78 178.22 419.44 194.67 -1 -1 -1 -1000 -1000 -1000 -10
Car 0.00 0 -10 470.33 170.56 495.78 184.89 -1 -1 -1 -1000 -1000 -1000 -10
Car 0.00 0 -10 440.22 177.78 463.56 189.33 -1 -1 -1 -1000 -1000 -1000 -10
