Car 0.00 0 -10 0.00 197.37 184.21 323.51 -1 -1 -1 -1000 -1000 -1000 -10
Car 0.00 0 -10 0.00 182.59 234.42 292.73 -1 -1 -1 -1000 -1000 -1000 -10
Car 0.00 0 -10 620.00 164.44 710.00 206.01 -1 -1 -1 -1000 -1000 -1000 -10
Car 0.00 0 -10 666.10 168.38 853.75 237.77 -1 -1 -1 -1000 -1000 -1000 -10
Car 0.00 0 -10 119.94 175.56 320.80 242.99 -1 -1 -1 -1000 -1000 -1000 -10
Car 0.00 0 -10 179.49 174.92 356.87 232.20 -1 -1 -1 -1000 -1000 -1000 -10
Car 0.00 0 -10 219.48 174.42 377.50 227.60 -1 -1 -1 -1000 -1000 -1000 -10
Car 0.00 0 -10 286.99 170.70 405.89 213.46 -1 -1 -1 -1000 -1000 -1000 -10
Car 0.00 0 -10 424.36 165.14 456.90 184.19 -1 -1 -1 -1000 -1000 -1000 -10
Car 0.00 0 -10 607.11 164.60 677.61 201.24 -1 -1 -1 -1000 -1000 -1000 -10
Car 0.00 0 -10 395.56 164.56 424.00 180.44 -1 -1 -1 -1000 -1000 -1000 -10
Car 0.00 0 -10 276.89 161.33 323.11 172.89 -1 -1 -1 -1000 -1000 -1000 -10
