Car 0.00 0 -10 569.90 176.66 622.56 224.64 -1 -1 -1 -1000 -1000 -1000 -10
Car 0.00 0 -10 305.33 196.89 440.74 301.20 -1 -1 -1 -1000 -1000 -1000 -10
Car 0.00 0 -10 361.07 181.31 429.10 221.07 -1 -1 -1 -1000 -1000 -1000 -10
Truck 0.00 0 -10 433.46 88.93 553.84 230.07 -1 -1 -1 -1000 -1000 -1000 -10
Car 0.00 0 -10 417.50 180.80 453.28 199.76 -1 -1 -1 -1000 -1000 -1000 -10
Car 0.00 0 -10 535.64 181.07 564.13 202.64 -1 -1 -1 -1000 -1000 -1000 -10
Car 0.00 0 -10 0.44 19.56 356.60 375.11 -1 -1 -1 -1000 -1000 -1000 -10
Car 0.00 0 -10 572.44 177.33 580.89 184.89 -1 -1 -1 -1000 -1000 -1000 -10
Car 0.00 0 -10 550.67 169.33 569.33 192.00 -1 -1 -1 -1000 -1000 -1000 -10
Car 0.00 0 -10 555.11 178.22 571.56 193.33 -1 -1 -1 -1000 -1000 -1000 -10
