Car 0.00 0 -10 595.67 174.01 623.22 200.52 -1 -1 -1 -1000 -1000 -1000 -10
Truck 0.00 0 -10 624.60 160.37 663.06 191.00 -1 -1 -1 -1000 -1000 -1000 -10
Van 0.00 0 -10 301.40 175.96 375.24 218.83 -1 -1 -1 -1000 -1000 -1000 -10
Car 0.00 0 -10 0.00 152.44 51.56 254.22 -1 -1 -1 -1000 -1000 -1000 -10
Car 0.00 0 -10 418.67 182.67 445.33 195.11 -1 -1 -1 -1000 -1000 -1000 -10
Car 0.00 0 -10 460.89 178.67 476.00 186.67 -1 -1 -1 -1000 -1000 -1000 -10
Car 0.00 0 -10 476.00 171.11 492.44 188.00 -1 -1 -1 -1000 -1000 -1000 -10
Car 0.00 0 -10 490.22 171.59 501.33 186.22 -1 -1 -1 -1000 -1000 -1000 -10
Car 0.00 0 -10 532.44 175.56 541.33 180.89 -1 -1 -1 -1000 -1000 -1000 -10
Car 0.00 0 -10 542.67 173.78 549.78 180.89 -1 -1 -1 -1000 -1000 -1000 -10
Car 0.00 0 -10 549.33 160.00 590.89 182.22 -1 -1 -1 -1000 -1000 -1000 -10
Car 0.00 0 -10 619.11 171.56 628.44 180.00 -1 -1 -1 -1000 -1000 -1000 -10
Car 0.00 0 -10 614.67 170.67 621.78 176.89 -1 -1 -1 -1000 -1000 -1000 -10
