Car 0.00 0 -10 233.33 167.11 428.19 290.07 -1 -1 -1 -1000 -1000 -1000 -10
Car 0.00 0 -10 417.20 182.10 518.66 243.10 -1 -1 -1 -1000 -1000 -1000 -10
Car 0.00 0 -10 563.00 179.00 605.28 209.10 -1 -1 -1 -1000 -1000 -1000 -10
Car 0.00 0 -10 648.50 175.10 681.50 195.00 -1 -1 -1 -1000 -1000 -1000 -10
Car 0.00 0 -10 684.44 170.22 705.10 229.72 -1 -1 -1 -1000 -1000 -1000 -10
Car 0.00 0 -10 760.89 174.67 777.33 188.44 -1 -1 -1 -1000 -1000 -1000 -10
Car 0.00 0 -10 767.11 171.11 783.56 186.67 -1 -1 -1 -1000 -1000 -1000 -10
Car 0.00 0 -10 753.33 172.00 763.11 180.89 -1 -1 -1 -1000 -1000 -1000 -10
Car 0.00 0 -10 746.22 173.78 756.89 183.11 -1 -1 -1 -1000 -1000 -1000 -10
Car 0.00 0 -10 724.89 172.44 742.22 185.78 -1 -1 -1 -1000 -1000 -1000 -10
Car 0.00 0 -10 711.56 175.56 724.89 188.00 -1 -1 -1 -1000 -1000 -1000 -10
Car 0.00 0 -10 702.67 173.78 717.33 188.44 -1 -1 -1 -1000 -1000 -1000 -10
Car 0.00 0 -10 694.22 174.22 708.44 188.89 -1 -1 -1 -1000 -1000 -1000 -10
Car 0.00 0 -10 668.44 173.33 689.33 191.56 -1 -1 -1 -1000 -1000 -1000 -10
