Car 0.00 0 -10 455.10 187.29 528.49 233.33 -1 -1 -1 -1000 -1000 -1000 -10
Car 0.00 0 -10 16.89 198.67 286.11 325.79 -1 -1 -1 -1000 -1000 -1000 -10
Car 0.00 0 -10 339.11 195.56 422.63 246.07 -1 -1 -1 -1000 -1000 -1000 -10
Car 0.00 0 -10 629.15 179.21 660.52 206.51 -1 -1 -1 -1000 -1000 -1000 -10
Car 0.00 0 -10 712.96 168.65 812.82 199.56 -1 -1 -1 -1000 -1000 -1000 -10
Car 0.00 0 -10 709.78 162.22 785.03 198.58 -1 -1 -1 -1000 -1000 -1000 -10
Car 0.00 0 -10 903.56 149.80 956.48 179.90 -1 -1 -1 -1000 -1000 -1000 -10
Car 0.00 0 -10 578.22 178.67 592.07 190.22 -1 -1 -1 -1000 -1000 -1000 -10
Car 0.00 0 -10 856.00 162.22 894.22 180.00 -1 -1 -1 -1000 -1000 -1000 -10
Car 0.00 0 -10 1188.89 160.89 1240.89 210.22 -1 -1 -1 -1000 -1000 -1000 -10
Car 0.00 0 -10 833.33 163.11 868.44 180.00 -1 -1 -1 -1000 -1000 -1000 -10
Car 0.00 0 -10 797.78 164.00 843.38 180.00 -1 -1 -1 -1000 -1000 -1000 -10
Car 0.00 0 -10 785.33 164.00 827.11 180.00 -1 -1 -1 -1000 -1000 -1000 -10
Car 0.00 0 -10 704.89 172.00 774.22 188.00 -1 -1 -1 -1000 -1000 -1000 -10
Car 0.00 0 -10 657.78 172.00 700.00 188.00 -1 -1 -1 -1000 -1000 -1000 -10
Car 0.00 0 -10 504.44 187.56 544.00 216.00 -1 -1 -1 -1000 -1000 -1000 -10
Car 0.00 0 -10 448.44 188.89 484.44 219.11 -1 -1 -1 -1000 -1000 -1000 -10
Car 0.00 0 -10 548.00 182.67 558.67 192.00 -1 -1 -1 -1000 -1000 -1000 -10
Car 0.00 0 -10 536.44 181.78 548.00 194.67 -1 -1 -1 -1000 -1000 -1000 -10
Car 0.00 0 -10 524.89 184.44 540.44 197.33 -1 -1 -1 -1000 -1000 -1000 -10
Car 0.00 0 -10 874.67 158.22 909.78 178.22 -1 -1 -1 -1000 -1000 -1000 -10
