Car 0.00 0 -10 569.96 183.71 660.38 270.21 -1 -1 -1 -1000 -1000 -1000 -10
Van 0.00 0 -10 409.65 175.07 486.05 228.76 -1 -1 -1 -1000 -1000 -1000 -10
Pedestrian 0.00 0 -10 915.80 170.55 947.28 243.42 -1 -1 -1 -1000 -1000 -1000 -10
Pedestrian 0.00 0 -10 984.48 176.22 1009.63 232.35 -1 -1 -1 -1000 -1000 -1000 -10
Pedestrian 0.00 0 -10 1154.82 160.92 1175.94 231.82 -1 -1 -1 -1000 -1000 -1000 -10
Pedestrian 0.00 0 -10 1059.64 171.75 1072.39 215.25 -1 -1 -1 -1000 -1000 -1000 -10
Car 0.00 0 -10 0.00 200.01 51.65 237.86 -1 -1 -1 -1000 -1000 -1000 -10
Car 0.00 0 -10 534.22 182.67 550.67 190.39 -1 -1 -1 -1000 -1000 -1000 -10
Car 0.00 0 -10 498.67 183.56 515.11 200.89 -1 -1 -1 -1000 -1000 -1000 -10
Car 0.00 0 -10 485.33 184.89 506.22 200.44 -1 -1 -1 -1000 -1000 -1000 -10
