Van 0.00 0 -10 800.69 122.81 1236.79 372.58 -1 -1 -1 -1000 -1000 -1000 -10
Car 0.00 0 -10 482.22 142.89 544.63 194.26 -1 -1 -1 -1000 -1000 -1000 -10
Misc 0.00 0 -10 406.54 191.12 472.86 295.94 -1 -1 -1 -1000 -1000 -1000 -10
Misc 0.00 0 -10 356.06 191.85 425.06 294.83 -1 -1 -1 -1000 -1000 -1000 -10
Misc 0.00 0 -10 393.84 191.25 446.81 282.55 -1 -1 -1 -1000 -1000 -1000 -10
Misc 0.00 0 -10 431.58 184.92 472.21 261.42 -1 -1 -1 -1000 -1000 -1000 -10
Pedestrian 0.00 0 -10 229.92 158.08 287.45 286.67 -1 -1 -1 -1000 -1000 -1000 -10
Pedestrian 0.00 0 -10 229.92 158.08 287.45 286.67 -1 -1 -1 -1000 -1000 -1000 -10
Car 0.00 0 -10 714.22 181.78 732.00 207.56 -1 -1 -1 -1000 -1000 -1000 -10
Car 0.00 0 -10 672.89 180.89 692.00 204.00 -1 -1 -1 -1000 -1000 -1000 -10
Car 0.00 0 -10 691.56 178.67 706.22 195.11 -1 -1 -1 -1000 -1000 -1000 -10
