Car 0.00 0 -10 945.33 204.76 1242.00 375.00 -1 -1 -1 -1000 -1000 -1000 -10
Car 0.00 0 -10 317.05 189.06 432.98 261.53 -1 -1 -1 -1000 -1000 -1000 -10
Car 0.00 0 -10 727.81 177.31 893.29 287.38 -1 -1 -1 -1000 -1000 -1000 -10
Car 0.00 0 -10 697.33 179.56 790.61 245.06 -1 -1 -1 -1000 -1000 -1000 -10
Car 0.00 0 -10 396.59 188.89 467.44 240.20 -1 -1 -1 -1000 -1000 -1000 -10
Pedestrian 0.00 0 -10 747.96 159.02 764.14 214.63 -1 -1 -1 -1000 -1000 -1000 -10
Pedestrian 0.00 0 -10 760.78 158.65 778.68 214.05 -1 -1 -1 -1000 -1000 -1000 -10
Car 0.00 0 -10 687.62 180.17 751.84 228.63 -1 -1 -1 -1000 -1000 -1000 -10
Car 0.00 0 -10 0.44 204.44 68.42 260.44 -1 -1 -1 -1000 -1000 -1000 -10
Car 0.00 0 -10 0.00 192.00 142.00 240.59 -1 -1 -1 -1000 -1000 -1000 -10
Car 0.00 0 -10 119.33 200.11 201.89 233.78 -1 -1 -1 -1000 -1000 -1000 -10
Car 0.00 0 -10 117.56 202.22 210.22 231.11 -1 -1 -1 -1000 -1000 -1000 -10
Car 0.00 0 -10 125.89 200.44 221.78 224.00 -1 -1 -1 -1000 -1000 -1000 -10
Car 0.00 0 -10 846.67 167.11 908.67 187.11 -1 -1 -1 -1000 -1000 -1000 -10
Car 0.00 0 -10 694.67 137.33 796.64 180.82 -1 -1 -1 -1000 -1000 -1000 -10
Car 0.00 0 -10 401.33 180.00 471.11 206.67 -1 -1 -1 -1000 -1000 -1000 -10
