Car 0.00 0 -10 0.00 173.50 77.55 224.35 -1 -1 -1 -1000 -1000 -1000 -10
Car 0.00 0 -10 96.61 177.02 177.99 213.23 -1 -1 -1 -1000 -1000 -1000 -10
Car 0.00 0 -10 129.90 166.52 199.56 196.66 -1 -1 -1 -1000 -1000 -1000 -10
Car 0.00 0 -10 564.44 172.90 630.52 230.60 -1 -1 -1 -1000 -1000 -1000 -10
Car 0.00 0 -10 230.85 167.73 270.89 190.85 -1 -1 -1 -1000 -1000 -1000 -10
Cyclist 0.00 0 -10 762.90 174.48 774.39 201.67 -1 -1 -1 -1000 -1000 -1000 -10
Car 0.00 0 -10 395.56 173.33 415.56 186.56 -1 -1 -1 -1000 -1000 -1000 -10
Car 0.00 0 -10 432.89 173.33 445.33 182.67 -1 -1 -1 -1000 -1000 -1000 -10
Car 0.00 0 -10 413.33 172.89 428.89 183.98 -1 -1 -1 -1000 -1000 -1000 -10
Car 0.00 0 -10 471.11 170.67 481.33 179.56 -1 -1 -1 -1000 -1000 -1000 -10
Car 0.00 0 -10 489.78 171.11 500.44 178.14 -1 -1 -1 -1000 -1000 -1000 -10
Car 0.00 0 -10 543.11 163.11 555.11 179.56 -1 -1 -1 -1000 -1000 -1000 -10
Car 0.00 0 -10 556.89 172.44 563.11 176.89 -1 -1 -1 -1000 -1000 -1000 -10
Car 0.00 0 -10 526.67 167.11 539.44 176.44 -1 -1 -1 -1000 -1000 -1000 -10
