Car 0.00 0 -10 987.56 226.67 1240.04 375.00 -1 -1 -1 -1000 -1000 -1000 -10
Car 0.00 0 -10 167.90 162.82 421.80 327.60 -1 -1 -1 -1000 -1000 -1000 -10
Car 0.00 0 -10 432.08 171.11 549.68 250.99 -1 -1 -1 -1000 -1000 -1000 -10
Car 0.00 0 -10 782.31 172.70 979.41 306.83 -1 -1 -1 -1000 -1000 -1000 -10
Car 0.00 0 -10 757.95 174.20 850.33 253.89 -1 -1 -1 -1000 -1000 -1000 -10
Van 0.00 0 -10 983.41 149.43 1071.91 200.53 -1 -1 -1 -1000 -1000 -1000 -10
Van 0.00 0 -10 917.62 150.01 994.26 195.15 -1 -1 -1 -1000 -1000 -1000 -10
Truck 0.00 0 -10 807.22 140.32 852.20 180.39 -1 -1 -1 -1000 -1000 -1000 -10
Car 0.00 0 -10 0.00 279.11 52.00 372.44 -1 -1 -1 -1000 -1000 -1000 -10
Car 0.00 0 -10 243.56 185.33 282.79 207.95 -1 -1 -1 -1000 -1000 -1000 -10
Car 0.00 0 -10 680.00 168.44 711.36 200.44 -1 -1 -1 -1000 -1000 -1000 -10
Car 0.00 0 -10 636.00 168.00 664.00 183.56 -1 -1 -1 -1000 -1000 -1000 -10
Car 0.00 0 -10 700.00 166.67 731.56 195.11 -1 -1 -1 -1000 -1000 -1000 -10
Car 0.00 0 -10 729.78 162.22 761.33 187.11 -1 -1 -1 -1000 -1000 -1000 -10
Car 0.00 0 -10 742.67 156.89 775.56 182.67 -1 -1 -1 -1000 -1000 -1000 -10
Car 0.00 0 -10 768.89 160.89 789.33 177.78 -1 -1 -1 -1000 -1000 -1000 -10
Car 0.00 0 -10 881.78 152.00 941.78 172.89 -1 -1 -1 -1000 -1000 -1000 -10
Car 0.00 0 -10 910.22 158.67 949.33 183.56 -1 -1 -1 -1000 -1000 -1000 -10
Car 0.00 0 -10 822.22 163.11 859.40 184.00 -1 -1 -1 -1000 -1000 -1000 -10
Car 0.00 0 -10 772.00 177.33 818.67 213.78 -1 -1 -1 -1000 -1000 -1000 -10
Car 0.00 0 -10 788.00 169.33 842.22 190.67 -1 -1 -1 -1000 -1000 -1000 -10
Car 0.00 0 -10 405.33 177.78 427.11 194.22 -1 -1 -1 -1000 -1000 -1000 -10
Car 0.00 0 -10 626.22 169.33 701.78 216.12 -1 -1 -1 -1000 -1000 -1000 -10
Car 0.00 0 -10 555.11 175.56 572.44 184.89 -1 -1 -1 -1000 -1000 -1000 -10
