Car 0.00 0 -10 592.55 176.06 618.77 201.96 -1 -1 -1 -1000 -1000 -1000 -10
Van 0.00 0 -10 0.00 171.37 39.64 292.69 -1 -1 -1 -1000 -1000 -1000 -10
Van 0.00 0 -10 377.39 166.14 448.63 221.87 -1 -1 -1 -1000 -1000 -1000 -10
Car 0.00 0 -10 560.89 176.44 576.00 191.56 -1 -1 -1 -1000 -1000 -1000 -10
Car 0.00 0 -10 479.56 181.78 504.44 199.56 -1 -1 -1 -1000 -1000 -1000 -10
Car 0.00 0 -10 500.89 180.44 517.78 194.22 -1 -1 -1 -1000 -1000 -1000 -10
Car 0.00 0 -10 509.78 179.56 524.00 190.22 -1 -1 -1 -1000 -1000 -1000 -10
Car 0.00 0 -10 516.89 176.44 531.56 188.89 -1 -1 -1 -1000 -1000 -1000 -10
Car 0.00 0 -10 286.67 186.67 298.22 199.56 -1 -1 -1 -1000 -1000 -1000 -10
Car 0.00 0 -10 584.44 178.67 604.00 192.00 -1 -1 -1 -1000 -1000 -1000 -10
