Car 0.00 0 -10 0.00 329.78 194.53 374.24 -1 -1 -1 -1000 -1000 -1000 -10
Car 0.00 0 -10 467.11 173.33 544.24 231.92 -1 -1 -1 -1000 -1000 -1000 -10
Car 0.00 0 -10 719.27 175.40 893.58 317.14 -1 -1 -1 -1000 -1000 -1000 -10
Cyclist 0.00 0 -10 585.19 170.26 602.87 224.41 -1 -1 -1 -1000 -1000 -1000 -10
Car 0.00 0 -10 689.78 188.89 776.21 266.03 -1 -1 -1 -1000 -1000 -1000 -10
Car 0.00 0 -10 513.36 178.33 567.15 215.29 -1 -1 -1 -1000 -1000 -1000 -10
Car 0.00 0 -10 635.66 175.64 663.80 199.90 -1 -1 -1 -1000 -1000 -1000 -10
Car 0.00 0 -10 147.20 164.66 390.58 245.49 -1 -1 -1 -1000 -1000 -1000 -10
Car 0.00 0 -10 633.78 167.56 651.56 180.89 -1 -1 -1 -1000 -1000 -1000 -10
Car 0.00 0 -10 570.67 166.67 593.35 189.33 -1 -1 -1 -1000 -1000 -1000 -10
Car 0.00 0 -10 598.22 165.33 613.78 180.89 -1 -1 -1 -1000 -1000 -1000 -10
Car 0.00 0 -10 587.11 165.78 603.56 183.11 -1 -1 -1 -1000 -1000 -1000 -10
Car 0.00 0 -10 518.67 172.44 563.11 186.67 -1 -1 -1 -1000 -1000 -1000 -10
