Car 0.00 0 -10 685.77 178.02 767.02 235.07 -1 -1 -1 -1000 -1000 -1000 -10
Car 0.00 0 -10 885.80 160.35 1240.79 373.78 -1 -1 -1 -1000 -1000 -1000 -10
Truck 0.00 0 -10 755.82 101.59 918.16 230.62 -1 -1 -1 -1000 -1000 -1000 -10
Car 0.00 0 -10 928.61 177.04 1016.83 209.65 -1 -1 -1 -1000 -1000 -1000 -10
Car 0.00 0 -10 639.11 178.67 679.56 207.56 -1 -1 -1 -1000 -1000 -1000 -10
Car 0.00 0 -10 541.33 168.89 552.08 177.78 -1 -1 -1 -1000 -1000 -1000 -10
Car 0.00 0 -10 618.67 174.22 635.11 189.78 -1 -1 -1 -1000 -1000 -1000 -10
Car 0.00 0 -10 603.11 173.33 616.00 180.44 -1 -1 -1 -1000 -1000 -1000 -10
Car 0.00 0 -10 664.44 173.33 681.33 189.78 -1 -1 -1 -1000 -1000 -1000 -10
Car 0.00 0 -10 685.78 176.00 717.02 195.63 -1 -1 -1 -1000 -1000 -1000 -10
