Car 0.00 0 -10 518.59 165.40 740.72 373.78 -1 -1 -1 -1000 -1000 -1000 -10
Car 0.00 0 -10 15.32 203.41 117.08 234.08 -1 -1 -1 -1000 -1000 -1000 -10
Car 0.00 0 -10 377.23 185.06 418.37 205.01 -1 -1 -1 -1000 -1000 -1000 -10
Car 0.00 0 -10 172.64 193.88 243.81 223.45 -1 -1 -1 -1000 -1000 -1000 -10
Car 0.00 0 -10 335.17 187.88 374.53 208.03 -1 -1 -1 -1000 -1000 -1000 -10
Car 0.00 0 -10 425.60 181.03 464.07 201.00 -1 -1 -1 -1000 -1000 -1000 -10
Car 0.00 0 -10 598.67 166.22 603.11 170.67 -1 -1 -1 -1000 -1000 -1000 -10
Car 0.00 0 -10 600.44 165.33 606.22 169.78 -1 -1 -1 -1000 -1000 -1000 -10
Car 0.00 0 -10 455.56 179.11 475.11 187.56 -1 -1 -1 -1000 -1000 -1000 -10
Car 0.00 0 -10 464.00 178.67 480.44 187.11 -1 -1 -1 -1000 -1000 -1000 -10
Car 0.00 0 -10 419.11 182.22 442.67 197.78 -1 -1 -1 -1000 -1000 -1000 -10
Car 0.00 0 -10 411.11 180.00 428.89 186.22 -1 -1 -1 -1000 -1000 -1000 -10
Car 0.00 0 -10 371.11 184.89 395.11 202.67 -1 -1 -1 -1000 -1000 -1000 -10
Car 0.00 0 -10 586.22 165.78 591.56 171.56 -1 -1 -1 -1000 -1000 -1000 -10
