Car 0.00 0 -10 0.00 256.89 166.54 373.26 -1 -1 -1 -1000 -1000 -1000 -10
Car 0.00 0 -10 443.36 181.78 517.53 247.56 -1 -1 -1 -1000 -1000 -1000 -10
Car 0.00 0 -10 644.76 166.22 727.09 243.45 -1 -1 -1 -1000 -1000 -1000 -10
Car 0.00 0 -10 503.15 181.47 543.49 215.68 -1 -1 -1 -1000 -1000 -1000 -10
Car 0.00 0 -10 624.31 181.79 679.68 220.28 -1 -1 -1 -1000 -1000 -1000 -10
Car 0.00 0 -10 531.56 179.56 555.11 199.56 -1 -1 -1 -1000 -1000 -1000 -10
Car 0.00 0 -10 544.89 179.11 560.89 193.33 -1 -1 -1 -1000 -1000 -1000 -10
Car 0.00 0 -10 555.11 178.67 566.67 186.22 -1 -1 -1 -1000 -1000 -1000 -10
Car 0.00 0 -10 568.89 178.22 577.33 185.33 -1 -1 -1 -1000 -1000 -1000 -10
Car 0.00 0 -10 603.11 179.56 624.89 196.89 -1 -1 -1 -1000 -1000 -1000 -10
Car 0.00 0 -10 596.89 174.22 616.44 190.67 -1 -1 -1 -1000 -1000 -1000 -10
Car 0.00 0 -10 591.11 176.89 602.22 187.56 -1 -1 -1 -1000 -1000 -1000 -10
Car 0.00 0 -10 588.00 177.78 596.44 184.00 -1 -1 -1 -1000 -1000 -1000 -10
