Car 0.00 0 -10 590.29 174.44 616.44 200.26 -1 -1 -1 -1000 -1000 -1000 -10
Car 0.00 0 -10 22.11 181.78 249.20 288.21 -1 -1 -1 -1000 -1000 -1000 -10
Van 0.00 0 -10 208.82 168.65 318.30 235.48 -1 -1 -1 -1000 -1000 -1000 -10
Van 0.00 0 -10 444.15 167.74 486.64 205.71 -1 -1 -1 -1000 -1000 -1000 -10
Car 0.00 0 -10 309.33 176.89 321.78 190.22 -1 -1 -1 -1000 -1000 -1000 -10
Car 0.00 0 -10 333.33 181.33 344.44 192.00 -1 -1 -1 -1000 -1000 -1000 -10
Car 0.00 0 -10 494.22 177.33 513.78 192.89 -1 -1 -1 -1000 -1000 -1000 -10
Car 0.00 0 -10 509.78 177.78 521.78 188.00 -1 -1 -1 -1000 -1000 -1000 -10
Car 0.00 0 -10 519.11 173.33 531.56 186.22 -1 -1 -1 -1000 -1000 -1000 -10
Car 0.00 0 -10 557.78 173.33 573.32 188.44 -1 -1 -1 -1000 -1000 -1000 -10
Car 0.00 0 -10 590.29 174.44 616.44 200.26 -1 -1 -1 -1000 -1000 -1000 -10
