Car 0.00 0 -10 955.32 144.84 1240.79 363.51 -1 -1 -1 -1000 -1000 -1000 -10
Car 0.00 0 -10 108.44 192.89 409.15 368.76 -1 -1 -1 -1000 -1000 -1000 -10
Car 0.00 0 -10 383.91 187.95 507.57 273.32 -1 -1 -1 -1000 -1000 -1000 -10
Car 0.00 0 -10 458.22 183.56 535.48 244.28 -1 -1 -1 -1000 -1000 -1000 -10
Car 0.00 0 -10 690.88 172.67 766.05 241.23 -1 -1 -1 -1000 -1000 -1000 -10
Car 0.00 0 -10 881.95 157.04 1161.79 259.08 -1 -1 -1 -1000 -1000 -1000 -10
Car 0.00 0 -10 501.53 175.26 552.99 220.18 -1 -1 -1 -1000 -1000 -1000 -10
Car 0.00 0 -10 507.10 175.64 565.95 209.24 -1 -1 -1 -1000 -1000 -1000 -10
Car 0.00 0 -10 382.77 173.72 445.23 195.02 -1 -1 -1 -1000 -1000 -1000 -10
Car 0.00 0 -10 708.47 175.09 786.58 226.40 -1 -1 -1 -1000 -1000 -1000 -10
Car 0.00 0 -10 750.52 168.34 831.91 214.59 -1 -1 -1 -1000 -1000 -1000 -10
Car 0.00 0 -10 896.56 160.00 990.40 189.58 -1 -1 -1 -1000 -1000 -1000 -10
Car 0.00 0 -10 713.33 163.56 797.16 198.67 -1 -1 -1 -1000 -1000 -1000 -10
Car 0.00 0 -10 842.67 156.00 883.11 174.22 -1 -1 -1 -1000 -1000 -1000 -10
Car 0.00 0 -10 903.11 154.22 947.11 172.00 -1 -1 -1 -1000 -1000 -1000 -10
