Car 0.00 0 -10 720.50 181.60 779.24 228.50 -1 -1 -1 -1000 -1000 -1000 -10
Car 0.00 0 -10 241.51 196.42 291.57 226.59 -1 -1 -1 -1000 -1000 -1000 -10
Car 0.00 0 -10 285.22 188.84 322.00 218.11 -1 -1 -1 -1000 -1000 -1000 -10
Car 0.00 0 -10 795.06 181.61 827.70 201.78 -1 -1 -1 -1000 -1000 -1000 -10
Car 0.00 0 -10 0.00 82.22 263.11 269.33 -1 -1 -1 -1000 -1000 -1000 -10
Car 0.00 0 -10 305.56 184.89 337.33 210.67 -1 -1 -1 -1000 -1000 -1000 -10
Car 0.00 0 -10 329.78 187.11 350.22 205.78 -1 -1 -1 -1000 -1000 -1000 -10
Car 0.00 0 -10 342.22 188.44 361.33 201.33 -1 -1 -1 -1000 -1000 -1000 -10
Car 0.00 0 -10 351.56 188.00 368.00 199.11 -1 -1 -1 -1000 -1000 -1000 -10
Car 0.00 0 -10 351.56 179.11 375.11 196.89 -1 -1 -1 -1000 -1000 -1000 -10
Car 0.00 0 -10 328.00 179.56 345.33 193.33 -1 -1 -1 -1000 -1000 -1000 -10
