Car 0.00 0 -10 600.93 173.42 701.67 247.65 -1 -1 -1 -1000 -1000 -1000 -10
Car 0.00 0 -10 849.64 172.83 996.64 283.94 -1 -1 -1 -1000 -1000 -1000 -10
Car 0.00 0 -10 645.33 178.90 725.88 233.60 -1 -1 -1 -1000 -1000 -1000 -10
Car 0.00 0 -10 825.02 179.02 869.57 213.87 -1 -1 -1 -1000 -1000 -1000 -10
Pedestrian 0.00 0 -10 628.67 170.15 650.60 229.17 -1 -1 -1 -1000 -1000 -1000 -10
Car 0.00 0 -10 731.90 175.21 762.30 200.53 -1 -1 -1 -1000 -1000 -1000 -10
Car 0.00 0 -10 842.22 184.89 923.11 239.56 -1 -1 -1 -1000 -1000 -1000 -10
Car 0.00 0 -10 811.56 178.22 845.78 201.33 -1 -1 -1 -1000 -1000 -1000 -10
Car 0.00 0 -10 731.90 175.21 762.30 200.53 -1 -1 -1 -1000 -1000 -1000 -10
Car 0.00 0 -10 808.44 173.78 830.59 193.75 -1 -1 -1 -1000 -1000 -1000 -10
