Van 0.00 0 -10 592.19 155.91 684.60 256.94 -1 -1 -1 -1000 -1000 -1000 -10
Van 0.00 0 -10 1169.28 86.49 1240.79 277.57 -1 -1 -1 -1000 -1000 -1000 -10
Car 0.00 0 -10 253.94 187.10 409.48 263.03 -1 -1 -1 -1000 -1000 -1000 -10
Car 0.00 0 -10 111.11 165.26 302.20 263.34 -1 -1 -1 -1000 -1000 -1000 -10
Car 0.00 0 -10 502.21 172.95 570.88 221.62 -1 -1 -1 -1000 -1000 -1000 -10
Car 0.00 0 -10 856.00 173.10 996.30 243.13 -1 -1 -1 -1000 -1000 -1000 -10
Car 0.00 0 -10 675.33 163.95 716.83 202.73 -1 -1 -1 -1000 -1000 -1000 -10
Van 0.00 0 -10 723.11 150.22 771.61 195.30 -1 -1 -1 -1000 -1000 -1000 -10
Car 0.00 0 -10 938.56 163.34 1109.63 242.75 -1 -1 -1 -1000 -1000 -1000 -10
Car 0.00 0 -10 1081.33 171.80 1216.88 241.50 -1 -1 -1 -1000 -1000 -1000 -10
Truck 0.00 0 -10 665.40 128.71 712.63 196.89 -1 -1 -1 -1000 -1000 -1000 -10
Car 0.00 0 -10 0.00 192.17 112.47 260.35 -1 -1 -1 -1000 -1000 -1000 -10
