Car 0.00 0 -10 576.89 175.60 634.46 229.10 -1 -1 -1 -1000 -1000 -1000 -10
Car 0.00 0 -10 367.47 184.76 423.69 212.17 -1 -1 -1 -1000 -1000 -1000 -10
Car 0.00 0 -10 459.14 180.87 487.82 198.79 -1 -1 -1 -1000 -1000 -1000 -10
Car 0.00 0 -10 636.22 171.00 678.90 189.66 -1 -1 -1 -1000 -1000 -1000 -10
Car 0.00 0 -10 472.44 176.44 496.89 194.89 -1 -1 -1 -1000 -1000 -1000 -10
Car 0.00 0 -10 513.78 173.33 525.78 183.56 -1 -1 -1 -1000 -1000 -1000 -10
Car 0.00 0 -10 530.11 173.67 544.00 183.56 -1 -1 -1 -1000 -1000 -1000 -10
Car 0.00 0 -10 550.22 172.89 558.22 180.89 -1 -1 -1 -1000 -1000 -1000 -10
Car 0.00 0 -10 577.33 172.00 584.89 179.56 -1 -1 -1 -1000 -1000 -1000 -10
Car 0.00 0 -10 596.89 169.33 607.56 177.33 -1 -1 -1 -1000 -1000 -1000 -10
Car 0.00 0 -10 627.11 173.33 656.00 187.56 -1 -1 -1 -1000 -1000 -1000 -10
Car 0.00 0 -10 619.11 170.67 644.44 186.22 -1 -1 -1 -1000 -1000 -1000 -10
Car 0.00 0 -10 614.22 169.33 640.89 186.22 -1 -1 -1 -1000 -1000 -1000 -10
Car 0.00 0 -10 539.56 175.56 549.33 182.67 -1 -1 -1 -1000 -1000 -1000 -10
