Truck 0.00 0 -10 618.30 130.06 679.66 204.23 -1 -1 -1 -1000 -1000 -1000 -10
Car 0.00 0 -10 0.00 192.75 44.18 237.56 -1 -1 -1 -1000 -1000 -1000 -10
Car 0.00 0 -10 58.33 187.28 164.91 225.81 -1 -1 -1 -1000 -1000 -1000 -10
Car 0.00 0 -10 156.89 185.60 220.83 217.00 -1 -1 -1 -1000 -1000 -1000 -10
Car 0.00 0 -10 213.83 183.76 273.67 210.03 -1 -1 -1 -1000 -1000 -1000 -10
Car 0.00 0 -10 254.58 184.05 309.72 206.92 -1 -1 -1 -1000 -1000 -1000 -10
Car 0.00 0 -10 299.62 180.09 339.87 202.69 -1 -1 -1 -1000 -1000 -1000 -10
Car 0.00 0 -10 325.83 180.88 360.01 199.67 -1 -1 -1 -1000 -1000 -1000 -10
Car 0.00 0 -10 355.56 177.78 387.11 196.00 -1 -1 -1 -1000 -1000 -1000 -10
Car 0.00 0 -10 385.78 177.78 407.11 195.56 -1 -1 -1 -1000 -1000 -1000 -10
Car 0.00 0 -10 401.78 176.00 423.11 192.89 -1 -1 -1 -1000 -1000 -1000 -10
Car 0.00 0 -10 418.67 176.44 435.11 190.67 -1 -1 -1 -1000 -1000 -1000 -10
Car 0.00 0 -10 428.44 176.89 445.33 191.11 -1 -1 -1 -1000 -1000 -1000 -10
Car 0.00 0 -10 437.33 175.56 454.67 190.67 -1 -1 -1 -1000 -1000 -1000 -10
