Car 0.00 0 -10 572.50 175.56 611.50 209.47 -1 -1 -1 -1000 -1000 -1000 -10
Car 0.00 0 -10 0.00 193.16 336.11 374.69 -1 -1 -1 -1000 -1000 -1000 -10
Car 0.00 0 -10 103.07 187.29 290.90 266.07 -1 -1 -1 -1000 -1000 -1000 -10
Car 0.00 0 -10 359.34 186.96 467.84 252.37 -1 -1 -1 -1000 -1000 -1000 -10
Car 0.00 0 -10 305.29 181.59 388.31 226.93 -1 -1 -1 -1000 -1000 -1000 -10
Car 0.00 0 -10 415.50 178.50 486.50 225.80 -1 -1 -1 -1000 -1000 -1000 -10
Van 0.00 0 -10 491.27 158.03 540.30 207.22 -1 -1 -1 -1000 -1000 -1000 -10
Van 0.00 0 -10 539.19 167.01 560.89 191.78 -1 -1 -1 -1000 -1000 -1000 -10
Car 0.00 0 -10 0.00 180.26 161.24 261.48 -1 -1 -1 -1000 -1000 -1000 -10
Car 0.00 0 -10 406.67 173.33 456.89 200.89 -1 -1 -1 -1000 -1000 -1000 -10
Car 0.00 0 -10 456.44 165.33 489.78 196.13 -1 -1 -1 -1000 -1000 -1000 -10
Car 0.00 0 -10 523.11 173.78 546.67 200.00 -1 -1 -1 -1000 -1000 -1000 -10
