Car 0.00 0 -10 1143.67 341.33 1240.67 375.00 -1 -1 -1 -1000 -1000 -1000 -10
Car 0.00 0 -10 276.19 188.40 412.89 270.71 -1 -1 -1 -1000 -1000 -1000 -10
Car 0.00 0 -10 746.78 177.62 961.13 314.56 -1 -1 -1 -1000 -1000 -1000 -10
Car 0.00 0 -10 705.11 176.03 825.04 258.47 -1 -1 -1 -1000 -1000 -1000 -10
Car 0.00 0 -10 373.04 187.62 453.86 244.11 -1 -1 -1 -1000 -1000 -1000 -10
Pedestrian 0.00 0 -10 756.72 157.19 774.71 216.88 -1 -1 -1 -1000 -1000 -1000 -10
Pedestrian 0.00 0 -10 771.43 156.77 788.27 216.37 -1 -1 -1 -1000 -1000 -1000 -10
Car 0.00 0 -10 694.50 181.33 765.50 230.29 -1 -1 -1 -1000 -1000 -1000 -10
Car 0.00 0 -10 840.67 166.00 918.00 194.22 -1 -1 -1 -1000 -1000 -1000 -10
Car 0.00 0 -10 390.00 178.67 464.10 212.00 -1 -1 -1 -1000 -1000 -1000 -10
Car 0.00 0 -10 0.00 192.67 97.00 247.87 -1 -1 -1 -1000 -1000 -1000 -10
Car 0.00 0 -10 125.33 198.67 199.33 230.00 -1 -1 -1 -1000 -1000 -1000 -10
Car 0.00 0 -10 98.00 204.00 172.67 233.33 -1 -1 -1 -1000 -1000 -1000 -10
Car 0.00 0 -10 76.00 200.67 152.67 240.00 -1 -1 -1 -1000 -1000 -1000 -10
