Car 0.00 0 -10 734.86 174.89 973.52 328.26 -1 -1 -1 -1000 -1000 -1000 -10
Car 0.00 0 -10 0.98 201.33 165.41 299.17 -1 -1 -1 -1000 -1000 -1000 -10
Car 0.00 0 -10 1121.67 327.33 1241.67 374.85 -1 -1 -1 -1000 -1000 -1000 -10
Car 0.00 0 -10 704.67 174.67 804.11 254.29 -1 -1 -1 -1000 -1000 -1000 -10
Car 0.00 0 -10 342.17 189.34 463.74 268.30 -1 -1 -1 -1000 -1000 -1000 -10
Car 0.00 0 -10 418.92 175.82 500.44 240.58 -1 -1 -1 -1000 -1000 -1000 -10
Car 0.00 0 -10 665.27 174.60 729.74 225.46 -1 -1 -1 -1000 -1000 -1000 -10
Car 0.00 0 -10 469.86 177.82 528.44 226.90 -1 -1 -1 -1000 -1000 -1000 -10
Car 0.00 0 -10 658.06 175.92 716.59 214.04 -1 -1 -1 -1000 -1000 -1000 -10
Van 0.00 0 -10 643.99 146.76 700.97 205.97 -1 -1 -1 -1000 -1000 -1000 -10
Car 0.00 0 -10 626.12 175.48 649.77 193.81 -1 -1 -1 -1000 -1000 -1000 -10
Car 0.00 0 -10 532.35 181.21 557.57 197.55 -1 -1 -1 -1000 -1000 -1000 -10
Car 0.00 0 -10 593.33 174.00 610.00 188.67 -1 -1 -1 -1000 -1000 -1000 -10
Car 0.00 0 -10 576.67 174.67 592.00 189.33 -1 -1 -1 -1000 -1000 -1000 -10
Car 0.00 0 -10 564.67 175.33 576.00 188.00 -1 -1 -1 -1000 -1000 -1000 -10
