Car 0.00 0 -10 587.49 173.69 609.79 195.16 -1 -1 -1 -1000 -1000 -1000 -10
Truck 0.00 0 -10 617.22 160.31 649.12 189.71 -1 -1 -1 -1000 -1000 -1000 -10
Car 0.00 0 -10 273.88 185.09 340.43 218.28 -1 -1 -1 -1000 -1000 -1000 -10
Car 0.00 0 -10 192.89 165.56 262.22 218.33 -1 -1 -1 -1000 -1000 -1000 -10
Car 0.00 0 -10 287.78 170.00 338.67 204.89 -1 -1 -1 -1000 -1000 -1000 -10
Car 0.00 0 -10 408.78 176.09 416.44 191.44 -1 -1 -1 -1000 -1000 -1000 -10
Car 0.00 0 -10 431.56 178.11 448.44 189.78 -1 -1 -1 -1000 -1000 -1000 -10
Car 0.00 0 -10 468.44 176.44 484.44 187.11 -1 -1 -1 -1000 -1000 -1000 -10
Car 0.00 0 -10 487.44 176.44 501.33 186.22 -1 -1 -1 -1000 -1000 -1000 -10
Car 0.00 0 -10 539.44 160.44 588.67 185.78 -1 -1 -1 -1000 -1000 -1000 -10
Car 0.00 0 -10 608.89 171.11 616.89 178.67 -1 -1 -1 -1000 -1000 -1000 -10
Car 0.00 0 -10 1000.44 205.78 1016.22 215.56 -1 -1 -1 -1000 -1000 -1000 -10
Car 0.00 0 -10 1058.67 202.78 1082.22 211.56 -1 -1 -1 -1000 -1000 -1000 -10
Car 0.00 0 -10 1082.67 201.89 1102.82 210.11 -1 -1 -1 -1000 -1000 -1000 -10
Car 0.00 0 -10 1036.00 199.56 1056.44 212.89 -1 -1 -1 -1000 -1000 -1000 -10
