Car 0.00 0 -10 31.33 189.33 323.86 345.21 -1 -1 -1 -1000 -1000 -1000 -10
Cyclist 0.00 0 -10 453.97 170.98 494.24 245.96 -1 -1 -1 -1000 -1000 -1000 -10
Cyclist 0.00 0 -10 488.93 172.89 520.37 241.72 -1 -1 -1 -1000 -1000 -1000 -10
Car 0.00 0 -10 410.17 182.76 489.56 230.46 -1 -1 -1 -1000 -1000 -1000 -10
Cyclist 0.00 0 -10 524.02 172.79 543.19 212.52 -1 -1 -1 -1000 -1000 -1000 -10
Car 0.00 0 -10 503.03 181.14 546.15 206.07 -1 -1 -1 -1000 -1000 -1000 -10
Car 0.00 0 -10 640.43 176.40 671.08 201.54 -1 -1 -1 -1000 -1000 -1000 -10
Car 0.00 0 -10 798.67 173.33 1238.73 374.70 -1 -1 -1 -1000 -1000 -1000 -10
Car 0.00 0 -10 702.67 164.44 718.22 208.89 -1 -1 -1 -1000 -1000 -1000 -10
Car 0.00 0 -10 632.44 172.44 640.44 194.67 -1 -1 -1 -1000 -1000 -1000 -10
Car 0.00 0 -10 619.11 169.78 641.78 186.22 -1 -1 -1 -1000 -1000 -1000 -10
Car 0.00 0 -10 658.67 174.22 681.78 192.44 -1 -1 -1 -1000 -1000 -1000 -10
Car 0.00 0 -10 680.00 168.89 697.78 181.78 -1 -1 -1 -1000 -1000 -1000 -10
