Car 0.00 0 -10 836.46 120.20 1240.79 373.78 -1 -1 -1 -1000 -1000 -1000 -10
Car 0.00 0 -10 738.67 181.78 924.73 310.08 -1 -1 -1 -1000 -1000 -1000 -10
Car 0.00 0 -10 645.97 179.58 743.06 243.17 -1 -1 -1 -1000 -1000 -1000 -10
Cyclist 0.00 0 -10 443.88 176.78 468.96 233.45 -1 -1 -1 -1000 -1000 -1000 -10
Car 0.00 0 -10 367.11 191.11 436.82 242.22 -1 -1 -1 -1000 -1000 -1000 -10
Car 0.00 0 -10 607.11 175.11 673.14 222.25 -1 -1 -1 -1000 -1000 -1000 -10
Car 0.00 0 -10 558.28 181.07 601.97 211.63 -1 -1 -1 -1000 -1000 -1000 -10
Cyclist 0.00 0 -10 470.43 176.23 491.24 226.72 -1 -1 -1 -1000 -1000 -1000 -10
Car 0.00 0 -10 537.78 180.00 566.22 203.56 -1 -1 -1 -1000 -1000 -1000 -10
Car 0.00 0 -10 519.11 180.44 542.67 198.67 -1 -1 -1 -1000 -1000 -1000 -10
Car 0.00 0 -10 499.11 178.22 503.56 194.67 -1 -1 -1 -1000 -1000 -1000 -10
Car 0.00 0 -10 491.11 177.33 496.89 194.67 -1 -1 -1 -1000 -1000 -1000 -10
Car 0.00 0 -10 502.67 180.00 517.78 192.12 -1 -1 -1 -1000 -1000 -1000 -10
Car 0.00 0 -10 380.89 185.78 439.56 227.56 -1 -1 -1 -1000 -1000 -1000 -10
Car 0.00 0 -10 426.22 180.44 453.33 205.93 -1 -1 -1 -1000 -1000 -1000 -10
Car 0.00 0 -10 407.56 176.44 412.89 202.67 -1 -1 -1 -1000 -1000 -1000 -10
Car 0.00 0 -10 414.22 176.89 423.56 201.78 -1 -1 -1 -1000 -1000 -1000 -10
