Car 0.00 0 -10 0.00 196.20 179.37 311.91 -1 -1 -1 -1000 -1000 -1000 -10
Tram 0.00 0 -10 690.25 151.35 732.13 187.35 -1 -1 -1 -1000 -1000 -1000 -10
Car 0.00 0 -10 187.18 176.36 326.58 256.41 -1 -1 -1 -1000 -1000 -1000 -10
Car 0.00 0 -10 295.85 187.61 388.79 237.25 -1 -1 -1 -1000 -1000 -1000 -10
Car 0.00 0 -10 351.20 178.80 427.49 227.20 -1 -1 -1 -1000 -1000 -1000 -10
Car 0.00 0 -10 434.00 182.40 484.00 213.40 -1 -1 -1 -1000 -1000 -1000 -10
Car 0.00 0 -10 461.89 181.46 504.01 207.92 -1 -1 -1 -1000 -1000 -1000 -10
Car 0.00 0 -10 521.33 178.22 548.00 196.44 -1 -1 -1 -1000 -1000 -1000 -10
Car 0.00 0 -10 763.11 167.11 770.67 185.78 -1 -1 -1 -1000 -1000 -1000 -10
Car 0.00 0 -10 651.11 169.78 657.78 177.78 -1 -1 -1 -1000 -1000 -1000 -10
Car 0.00 0 -10 821.78 165.33 835.11 193.33 -1 -1 -1 -1000 -1000 -1000 -10
