Car 0.00 0 -10 583.23 179.37 637.60 223.54 -1 -1 -1 -1000 -1000 -1000 -10
Car 0.00 0 -10 114.19 182.76 393.81 308.29 -1 -1 -1 -1000 -1000 -1000 -10
Car 0.00 0 -10 365.50 165.52 509.69 234.19 -1 -1 -1 -1000 -1000 -1000 -10
Car 0.00 0 -10 411.46 163.78 515.26 224.44 -1 -1 -1 -1000 -1000 -1000 -10
Car 0.00 0 -10 456.89 175.69 525.77 204.37 -1 -1 -1 -1000 -1000 -1000 -10
Van 0.00 0 -10 647.07 154.91 699.73 204.79 -1 -1 -1 -1000 -1000 -1000 -10
Car 0.00 0 -10 586.25 174.06 620.60 205.38 -1 -1 -1 -1000 -1000 -1000 -10
Van 0.00 0 -10 233.28 153.47 472.26 274.57 -1 -1 -1 -1000 -1000 -1000 -10
Truck 0.00 0 -10 112.69 130.59 290.66 223.73 -1 -1 -1 -1000 -1000 -1000 -10
Car 0.00 0 -10 91.11 181.33 257.78 246.22 -1 -1 -1 -1000 -1000 -1000 -10
Car 0.00 0 -10 480.89 169.33 544.35 206.32 -1 -1 -1 -1000 -1000 -1000 -10
Car 0.00 0 -10 535.11 172.44 565.44 190.67 -1 -1 -1 -1000 -1000 -1000 -10
Car 0.00 0 -10 617.78 163.56 645.33 189.33 -1 -1 -1 -1000 -1000 -1000 -10
Car 0.00 0 -10 552.89 173.78 574.22 184.44 -1 -1 -1 -1000 -1000 -1000 -10
