Car 0.00 0 -10 0.00 243.11 65.94 375.00 -1 -1 -1 -1000 -1000 -1000 -10
Car 0.00 0 -10 28.61 184.32 141.02 226.52 -1 -1 -1 -1000 -1000 -1000 -10
Car 0.00 0 -10 142.09 186.10 223.64 221.69 -1 -1 -1 -1000 -1000 -1000 -10
Car 0.00 0 -10 470.40 184.82 533.67 229.45 -1 -1 -1 -1000 -1000 -1000 -10
Car 0.00 0 -10 548.03 179.82 571.19 199.27 -1 -1 -1 -1000 -1000 -1000 -10
Car 0.00 0 -10 585.01 178.73 632.31 225.82 -1 -1 -1 -1000 -1000 -1000 -10
Cyclist 0.00 0 -10 1035.62 189.07 1092.35 258.71 -1 -1 -1 -1000 -1000 -1000 -10
Car 0.00 0 -10 0.89 188.44 13.78 232.00 -1 -1 -1 -1000 -1000 -1000 -10
Car 0.00 0 -10 441.78 176.44 459.11 193.33 -1 -1 -1 -1000 -1000 -1000 -10
Car 0.00 0 -10 567.56 179.11 582.67 191.56 -1 -1 -1 -1000 -1000 -1000 -10
Car 0.00 0 -10 577.78 172.44 592.89 188.89 -1 -1 -1 -1000 -1000 -1000 -10
