Car 0.00 0 -10 1098.67 204.89 1241.47 374.23 -1 -1 -1 -1000 -1000 -1000 -10
Cyclist 0.00 0 -10 812.00 188.00 842.78 259.97 -1 -1 -1 -1000 -1000 -1000 -10
Car 0.00 0 -10 425.50 189.50 522.50 264.00 -1 -1 -1 -1000 -1000 -1000 -10
Car 0.00 0 -10 676.58 176.24 781.77 259.86 -1 -1 -1 -1000 -1000 -1000 -10
Car 0.00 0 -10 664.96 185.77 735.92 239.92 -1 -1 -1 -1000 -1000 -1000 -10
Van 0.00 0 -10 651.13 174.71 714.28 228.43 -1 -1 -1 -1000 -1000 -1000 -10
Car 0.00 0 -10 534.25 181.81 570.01 211.85 -1 -1 -1 -1000 -1000 -1000 -10
Van 0.00 0 -10 640.45 172.23 680.83 210.79 -1 -1 -1 -1000 -1000 -1000 -10
Car 0.00 0 -10 580.44 180.44 595.11 192.00 -1 -1 -1 -1000 -1000 -1000 -10
Car 0.00 0 -10 632.89 180.00 656.00 202.67 -1 -1 -1 -1000 -1000 -1000 -10
Car 0.00 0 -10 627.11 180.00 647.11 199.56 -1 -1 -1 -1000 -1000 -1000 -10
Car 0.00 0 -10 584.44 177.78 598.22 189.78 -1 -1 -1 -1000 -1000 -1000 -10
Car 0.00 0 -10 613.78 176.44 619.56 187.56 -1 -1 -1 -1000 -1000 -1000 -10
Car 0.00 0 -10 620.44 175.11 625.33 187.11 -1 -1 -1 -1000 -1000 -1000 -10
