Car 0.00 0 -10 214.42 173.09 274.86 201.52 -1 -1 -1 -1000 -1000 -1000 -10
Car 0.00 0 -10 271.55 170.98 320.91 196.92 -1 -1 -1 -1000 -1000 -1000 -10
Car 0.00 0 -10 316.33 172.38 351.56 193.03 -1 -1 -1 -1000 -1000 -1000 -10
Car 0.00 0 -10 585.33 171.36 640.42 226.24 -1 -1 -1 -1000 -1000 -1000 -10
Cyclist 0.00 0 -10 735.96 175.84 746.24 198.40 -1 -1 -1 -1000 -1000 -1000 -10
Car 0.00 0 -10 347.11 169.33 365.33 185.33 -1 -1 -1 -1000 -1000 -1000 -10
Car 0.00 0 -10 440.00 172.44 453.78 181.33 -1 -1 -1 -1000 -1000 -1000 -10
Car 0.00 0 -10 486.67 169.33 495.56 178.22 -1 -1 -1 -1000 -1000 -1000 -10
Car 0.00 0 -10 451.11 171.11 460.00 180.44 -1 -1 -1 -1000 -1000 -1000 -10
Car 0.00 0 -10 458.22 173.33 465.33 181.33 -1 -1 -1 -1000 -1000 -1000 -10
Car 0.00 0 -10 464.44 172.44 473.78 180.44 -1 -1 -1 -1000 -1000 -1000 -10
Car 0.00 0 -10 549.33 166.67 559.11 176.00 -1 -1 -1 -1000 -1000 -1000 -10
Car 0.00 0 -10 559.56 171.11 566.22 176.00 -1 -1 -1 -1000 -1000 -1000 -10
Car 0.00 0 -10 528.44 164.00 538.67 175.11 -1 -1 -1 -1000 -1000 -1000 -10
Car 0.00 0 -10 500.89 168.89 511.11 176.89 -1 -1 -1 -1000 -1000 -1000 -10
