Car 0.00 0 -10 0.00 203.11 400.16 374.94 -1 -1 -1 -1000 -1000 -1000 -10
Car 0.00 0 -10 659.53 173.82 758.89 242.51 -1 -1 -1 -1000 -1000 -1000 -10
Car 0.00 0 -10 885.97 199.59 1240.79 373.78 -1 -1 -1 -1000 -1000 -1000 -10
Car 0.00 0 -10 211.11 191.56 426.63 302.90 -1 -1 -1 -1000 -1000 -1000 -10
Pedestrian 0.00 0 -10 178.49 154.70 228.95 321.06 -1 -1 -1 -1000 -1000 -1000 -10
Pedestrian 0.00 0 -10 257.21 161.95 286.46 284.78 -1 -1 -1 -1000 -1000 -1000 -10
Car 0.00 0 -10 514.87 173.24 559.55 212.89 -1 -1 -1 -1000 -1000 -1000 -10
Car 0.00 0 -10 635.69 171.01 689.60 212.08 -1 -1 -1 -1000 -1000 -1000 -10
Pedestrian 0.00 0 -10 271.21 172.54 299.95 298.56 -1 -1 -1 -1000 -1000 -1000 -10
Car 0.00 0 -10 539.50 175.12 569.14 199.69 -1 -1 -1 -1000 -1000 -1000 -10
Car 0.00 0 -10 624.13 168.30 652.53 197.81 -1 -1 -1 -1000 -1000 -1000 -10
Car 0.00 0 -10 609.33 174.22 624.44 188.44 -1 -1 -1 -1000 -1000 -1000 -10
Car 0.00 0 -10 633.78 174.67 660.89 203.56 -1 -1 -1 -1000 -1000 -1000 -10
Car 0.00 0 -10 616.89 170.22 639.56 192.00 -1 -1 -1 -1000 -1000 -1000 -10
Car 0.00 0 -10 272.00 181.33 360.44 228.89 -1 -1 -1 -1000 -1000 -1000 -10
