Pedestrian 0.00 0 -10 936.11 171.56 1018.31 317.86 -1 -1 -1 -1000 -1000 -1000 -10
Pedestrian 0.00 0 -10 0.00 194.26 114.82 372.58 -1 -1 -1 -1000 -1000 -1000 -10
Pedestrian 0.00 0 -10 419.81 176.93 457.20 274.62 -1 -1 -1 -1000 -1000 -1000 -10
Pedestrian 0.00 0 -10 525.45 180.28 542.55 236.20 -1 -1 -1 -1000 -1000 -1000 -10
Pedestrian 0.00 0 -10 578.36 179.20 596.98 222.85 -1 -1 -1 -1000 -1000 -1000 -10
Pedestrian 0.00 0 -10 634.67 178.61 648.05 221.83 -1 -1 -1 -1000 -1000 -1000 -10
Van 0.00 0 -10 710.22 116.00 874.83 281.12 -1 -1 -1 -1000 -1000 -1000 -10
Car 0.00 0 -10 681.78 186.22 702.67 227.11 -1 -1 -1 -1000 -1000 -1000 -10
Car 0.00 0 -10 656.89 181.33 669.33 211.11 -1 -1 -1 -1000 -1000 -1000 -10
Car 0.00 0 -10 669.78 181.78 680.89 211.11 -1 -1 -1 -1000 -1000 -1000 -10
Car 0.00 0 -10 644.00 179.56 654.22 203.11 -1 -1 -1 -1000 -1000 -1000 -10
Car 0.00 0 -10 635.56 179.56 644.89 204.00 -1 -1 -1 -1000 -1000 -1000 -10
Car 0.00 0 -10 604.00 187.11 617.33 212.00 -1 -1 -1 -1000 -1000 -1000 -10
Car 0.00 0 -10 430.67 176.44 451.11 242.67 -1 -1 -1 -1000 -1000 -1000 -10
Car 0.00 0 -10 704.44 179.56 711.56 203.11 -1 -1 -1 -1000 -1000 -1000 -10
