Car 0.00 0 -10 0.00 213.33 242.73 373.04 -1 -1 -1 -1000 -1000 -1000 -10
Car 0.00 0 -10 1072.59 111.24 1240.79 225.54 -1 -1 -1 -1000 -1000 -1000 -10
Car 0.00 0 -10 379.22 189.64 492.79 260.25 -1 -1 -1 -1000 -1000 -1000 -10
Car 0.00 0 -10 209.32 188.33 436.01 317.07 -1 -1 -1 -1000 -1000 -1000 -10
Car 0.00 0 -10 733.00 172.00 818.50 222.83 -1 -1 -1 -1000 -1000 -1000 -10
Car 0.00 0 -10 456.89 184.44 524.68 235.32 -1 -1 -1 -1000 -1000 -1000 -10
Car 0.00 0 -10 504.67 184.47 552.34 222.28 -1 -1 -1 -1000 -1000 -1000 -10
Car 0.00 0 -10 517.73 183.97 560.68 216.58 -1 -1 -1 -1000 -1000 -1000 -10
Car 0.00 0 -10 645.72 178.42 689.20 213.93 -1 -1 -1 -1000 -1000 -1000 -10
Car 0.00 0 -10 725.27 170.68 849.39 213.22 -1 -1 -1 -1000 -1000 -1000 -10
Car 0.00 0 -10 687.44 176.14 740.44 204.95 -1 -1 -1 -1000 -1000 -1000 -10
Car 0.00 0 -10 649.63 170.17 694.91 183.69 -1 -1 -1 -1000 -1000 -1000 -10
Car 0.00 0 -10 537.10 173.99 575.37 186.78 -1 -1 -1 -1000 -1000 -1000 -10
Car 0.00 0 -10 548.00 184.89 572.00 202.22 -1 -1 -1 -1000 -1000 -1000 -10
Car 0.00 0 -10 536.44 184.44 561.78 204.44 -1 -1 -1 -1000 -1000 -1000 -10
Car 0.00 0 -10 670.67 179.11 708.00 208.89 -1 -1 -1 -1000 -1000 -1000 -10
Car 0.00 0 -10 699.56 168.89 738.22 183.11 -1 -1 -1 -1000 -1000 -1000 -10
